back3 : 0.23495
back4 : 0.29415
back5 : 0.30895
back6 : 0.15725
back7 : 0.3182
back8 : 0.3182
cyc : 0.37
down-c : 0.28
oran1 : 1.0
oran2 : 1.0
oran3 : 1.0
oran4 : 1.0
red1 : 1.0
red2 : 1.0
red3 : 1.0
red4 : 1.0
shar : 0.37
