b34 : 0.27
back1 : 0.27
back2 : 0.27
back3 : 0.34925
back4 : 0.43725
back5 : 0.45925
back6 : 0.243
back7 : 0.473
back8 : 0.473
back9 : 0.27
blue1 : 0.56
blue2 : 0.56
blue3 : 0.56
blue4 : 0.56
down-c : 0.28325
oran1 : 0.68
oran2 : 0.68
oran3 : 0.68
oran4 : 0.68
red1 : 1.0
red2 : 1.0
red3 : 1.0
red4 : 1.0
shar : 0.55
