b34 : 0.22
back1 : 0.22
back2 : 0.22
back3 : 0.47625
back4 : 0.59625
back5 : 0.62625
back6 : 0.31875
back7 : 0.645
back8 : 0.645
back9 : 0.22
blue1 : 1.0
blue2 : 1.0
blue3 : 1.0
blue4 : 1.0
cyc : 0.23
down-c : 0.41
down-l : 0.35465
down-r : 0.3403
down-sides : 0.41
oran1 : 0.15
oran2 : 0.15
oran3 : 0.15
oran4 : 0.15
red1 : 1.0
red2 : 1.0
red3 : 1.0
red4 : 1.0
shar : 0.75
