b34 : 0.2
back1 : 0.2
back2 : 0.2
back3 : 0.22225
back4 : 0.27825
back5 : 0.29225
back6 : 0.18
back7 : 0.301
back8 : 0.301
back9 : 0.2
down-c : 0.18025
shar : 0.35
