blue-r : 0.5929
blue-xl : 0.77
blue-xr : 0.4697
down-c : 0.2183
down-l : 0.1888295
down-r : 0.181189
down-sides : 0.2183
fill-c : 0.34
fill-xl : 0.34
lo-c-cross : 0.1416
lo-c-fill1 : 0.1416
lo-c-fill2 : 0.1416
lo-c-mini-fill : 0.1416
lo-l-fill : 0.1416
lo-r-fill1 : 0.1416
lo-r-fill2 : 0.1416
oran1 : 0.59
oran2 : 0.59
oran3 : 0.59
oran4 : 0.59
red-l : 0.3481
red-r : 0.59
red-xr : 0.59
red1 : 0.59
red2 : 0.59
red3 : 0.59
red4 : 0.59
up-r : 0.34
