down-c : 0.2257
down-l : 0.1952305
down-r : 0.187331
down-sides : 0.2257
lo-c-cross : 0.1464
lo-c-fill1 : 0.1464
lo-c-fill2 : 0.1464
lo-c-mini-fill : 0.1464
lo-l-fill : 0.1464
lo-r-fill1 : 0.1464
lo-r-fill2 : 0.1464
oran1 : 0.61
oran2 : 0.61
oran3 : 0.61
oran4 : 0.61
red-l : 0.3599
red-r : 0.61
red-xr : 0.61
red1 : 1.0
red2 : 1.0
red3 : 1.0
red4 : 1.0
